3 0.06699346405228758 0.48894348894348894 0.13398692810457516 0.285012285012285
3 0.20506535947712418 0.4324324324324324 0.07679738562091504 0.18673218673218672
3 0.2785947712418301 0.4103194103194103 0.04084967320261438 0.1375921375921376
3 0.3235294117647059 0.39434889434889436 0.026143790849673203 0.11056511056511056
3 0.35294117647058826 0.37837837837837834 0.016339869281045753 0.08353808353808354
3 0.6617647058823529 0.36732186732186733 0.026143790849673203 0.07616707616707616
3 0.7034313725490197 0.386977886977887 0.04084967320261438 0.12039312039312039
3 0.7589869281045751 0.4017199017199017 0.05392156862745098 0.14987714987714987
3 0.8570261437908497 0.425061425061425 0.09967320261437909 0.20638820638820637
3 0.9844771241830066 0.4705159705159705 0.024509803921568627 0.25307125307125306
3 0.6364379084967321 0.355036855036855 0.01797385620915033 0.04668304668304668
3 0.3758169934640523 0.3624078624078624 0.013071895424836602 0.05651105651105651
1 0.2761437908496732 0.7911547911547911 0.04575163398692811 0.04914004914004914
1 0.6119281045751634 0.5528255528255528 0.02777777777777778 0.0343980343980344
1 0.41339869281045755 0.5466830466830467 0.032679738562091505 0.027027027027027025
